0;Товар0;179,08
1;Товар1;934,97
2;Товар2;907,38
3;Товар3;429,44
4;Товар4;837,63
5;Товар5;245,76
6;Товар6;662,11
7;Товар7;383,73
8;Товар8;704,98
9;Товар9;778,6
10;Товар10;931,32
11;Товар11;432,56
12;Товар12;926,07
13;Товар13;467,25
14;Товар14;325,36
15;Товар15;587,63
16;Товар16;941,15
17;Товар17;474
18;Товар18;808,44
19;Товар19;964,95
20;Товар20;912,99
21;Товар21;927,61
22;Товар22;774,92
23;Товар23;229,35
24;Товар24;768,7
25;Товар25;174
26;Товар26;586,61
27;Товар27;982,65
28;Товар28;754,39
29;Товар29;938,69
30;Товар30;394,19
31;Товар31;8,78
32;Товар32;483,81
33;Товар33;282,96
34;Товар34;658,59
35;Товар35;429,81
36;Товар36;172,48
37;Товар37;217,95
38;Товар38;590,25
39;Товар39;24,86
40;Товар40;570,82
41;Товар41;147,13
42;Товар42;742,25
43;Товар43;44,93
44;Товар44;738,04
45;Товар45;52,9
46;Товар46;310,7
47;Товар47;268,93
48;Товар48;84,51
49;Товар49;273,88
50;Товар50;933,44
51;Товар51;504,31
52;Товар52;534,5
53;Товар53;193,77
54;Товар54;271,3
55;Товар55;70,19
56;Товар56;977,78
57;Товар57;495,75
58;Товар58;479,47
59;Товар59;480,35
60;Товар60;477,88
61;Товар61;497,19
62;Товар62;447,07
63;Товар63;584,02
64;Товар64;201,13
65;Товар65;740,26
66;Товар66;767,47
67;Товар67;461,84
68;Товар68;627,39
69;Товар69;713,28
70;Товар70;231,88
71;Товар71;541,92
72;Товар72;700,47
73;Товар73;600,31
74;Товар74;210,85
75;Товар75;581,59
76;Товар76;1,09
77;Товар77;547,71
78;Товар78;309,04
79;Товар79;532,53
80;Товар80;681,04
81;Товар81;134,4
82;Товар82;715,86
83;Товар83;297,23
84;Товар84;823,97
85;Товар85;708,61
86;Товар86;292,01
87;Товар87;107,77
88;Товар88;829,39
89;Товар89;404,12
90;Товар90;270,76
91;Товар91;495,46
92;Товар92;556,22
93;Товар93;928,63
94;Товар94;365,71
95;Товар95;891,36
96;Товар96;518,78
97;Товар97;976,95
98;Товар98;661,52
99;Товар99;815,51
100;Товар100;103,16
101;Товар101;667,58
102;Товар102;458,27
103;Товар103;188,96
104;Товар104;860,73
105;Товар105;209,25
106;Товар106;621,57
107;Товар107;751,92
108;Товар108;800,65
109;Товар109;508,44
110;Товар110;887,83
111;Товар111;247,79
112;Товар112;2,43
113;Товар113;764,67
114;Товар114;616,04
115;Товар115;159,2
116;Товар116;600,06
117;Товар117;967,56
118;Товар118;579,78
119;Товар119;311,25
120;Товар120;264,98
121;Товар121;476,43
122;Товар122;449,18
123;Товар123;40,99
124;Товар124;260,24
125;Товар125;554,15
126;Товар126;802,43
127;Товар127;590,57
128;Товар128;52,33
129;Товар129;137,22
130;Товар130;880,53
131;Товар131;844,87
132;Товар132;704,92
133;Товар133;312,26
134;Товар134;246,09
135;Товар135;832,18
136;Товар136;494,86
137;Товар137;344,63
138;Товар138;255,23
139;Товар139;430,45
140;Товар140;904,77
141;Товар141;359,81
142;Товар142;125,84
143;Товар143;138,68
144;Товар144;335,02
145;Товар145;840,7
146;Товар146;309,75
147;Товар147;609,28
148;Товар148;128,31
149;Товар149;22,23
150;Товар150;107,03
151;Товар151;369,95
152;Товар152;213,9
153;Товар153;168
154;Товар154;367,25
155;Товар155;444,45
156;Товар156;34,13
157;Товар157;235,01
158;Товар158;745,45
159;Товар159;122,3
160;Товар160;224,54
161;Товар161;849,72
162;Товар162;516,32
163;Товар163;480,16
164;Товар164;445,63
165;Товар165;860,69
166;Товар166;361,6
167;Товар167;508,9
168;Товар168;335,3
169;Товар169;602,59
170;Товар170;483,07
171;Товар171;72,16
172;Товар172;529,05
173;Товар173;967,05
174;Товар174;225,21
175;Товар175;723,89
176;Товар176;169,32
177;Товар177;128,23
178;Товар178;523,7
179;Товар179;238,27
180;Товар180;62,13
181;Товар181;10,88
182;Товар182;278,99
183;Товар183;847,82
184;Товар184;847,92
185;Товар185;328,3
186;Товар186;447,69
187;Товар187;353,65
188;Товар188;762,73
189;Товар189;619,37
190;Товар190;614,77
191;Товар191;76,58
192;Товар192;417,91
193;Товар193;951,66
194;Товар194;23,64
195;Товар195;873,77
196;Товар196;661,22
197;Товар197;462,41
198;Товар198;510,77
199;Товар199;292,06
200;Товар200;296,83
201;Товар201;619,57
202;Товар202;91,71
203;Товар203;344,45
204;Товар204;357,89
205;Товар205;853,6
206;Товар206;658,63
207;Товар207;65,57
208;Товар208;760,51
209;Товар209;462,09
210;Товар210;92,86
211;Товар211;724,63
212;Товар212;530,04
213;Товар213;324,9
214;Товар214;878,9
215;Товар215;31,39
216;Товар216;387,46
217;Товар217;486,23
218;Товар218;450,96
219;Товар219;935,06
220;Товар220;230,72
221;Товар221;825,68
222;Товар222;563,89
223;Товар223;534,65
224;Товар224;805,54
225;Товар225;224,22
226;Товар226;473,98
227;Товар227;395,12
228;Товар228;761,14
229;Товар229;170,17
230;Товар230;880,4
231;Товар231;524,63
232;Товар232;436,19
233;Товар233;47,36
234;Товар234;759,16
235;Товар235;260,28
236;Товар236;737,9
237;Товар237;752,27
238;Товар238;307,66
239;Товар239;812,05
240;Товар240;488,41
241;Товар241;199,85
242;Товар242;411,86
243;Товар243;117,37
244;Товар244;344,24
245;Товар245;708,87
246;Товар246;363,26
247;Товар247;910,73
248;Товар248;890,48
249;Товар249;809,97
250;Товар250;302,04
251;Товар251;992,71
252;Товар252;830,17
253;Товар253;393,44
254;Товар254;880,06
255;Товар255;288,88
256;Товар256;873,4
257;Товар257;374,78
258;Товар258;356,63
259;Товар259;951,39
260;Товар260;196,35
261;Товар261;79,23
262;Товар262;122,16
263;Товар263;407,07
264;Товар264;399,41
265;Товар265;386,95
266;Товар266;105,17
267;Товар267;299,4
268;Товар268;383,47
269;Товар269;435,35
270;Товар270;112,21
271;Товар271;453,91
272;Товар272;997,29
273;Товар273;455,64
274;Товар274;264,38
275;Товар275;848,6
276;Товар276;231,54
277;Товар277;263,25
278;Товар278;7,14
279;Товар279;915,4
280;Товар280;678,68
281;Товар281;381,97
282;Товар282;322,37
283;Товар283;769,89
284;Товар284;685,85
285;Товар285;705,41
286;Товар286;511,19
287;Товар287;860,48
288;Товар288;986,02
289;Товар289;288,01
290;Товар290;204,6
291;Товар291;179,85
292;Товар292;213,36
293;Товар293;174,99
294;Товар294;433,43
295;Товар295;225,9
296;Товар296;895,42
297;Товар297;822,52
298;Товар298;536,69
299;Товар299;775,01
300;Товар300;420,43
301;Товар301;882,59
302;Товар302;344,99
303;Товар303;272,86
304;Товар304;513,49
305;Товар305;667,85
306;Товар306;813,15
307;Товар307;192,26
308;Товар308;946,79
309;Товар309;849,19
310;Товар310;875,06
311;Товар311;427,88
312;Товар312;184,36
313;Товар313;259,96
314;Товар314;89,44
315;Товар315;632,1
316;Товар316;574,59
317;Товар317;170,99
318;Товар318;539,94
319;Товар319;511,72
320;Товар320;693,49
321;Товар321;62,41
322;Товар322;131,1
323;Товар323;913,18
324;Товар324;47,47
325;Товар325;751,09
326;Товар326;57,28
327;Товар327;640,03
328;Товар328;840,94
329;Товар329;857,2
330;Товар330;771,91
331;Товар331;227,74
332;Товар332;545,29
333;Товар333;50,86
334;Товар334;311,69
335;Товар335;614,82
336;Товар336;855,71
337;Товар337;868,23
338;Товар338;73,13
339;Товар339;836,72
340;Товар340;710,99
341;Товар341;136,66
342;Товар342;731,42
343;Товар343;954,56
344;Товар344;230,67
345;Товар345;594,45
346;Товар346;813,21
347;Товар347;771,13
348;Товар348;902,28
349;Товар349;618,05
350;Товар350;468,04
351;Товар351;542,15
352;Товар352;99,31
353;Товар353;842,69
354;Товар354;900,24
355;Товар355;175,74
356;Товар356;567,21
357;Товар357;249,53
358;Товар358;42,11
359;Товар359;580,13
360;Товар360;426,3
361;Товар361;990,85
362;Товар362;170,04
363;Товар363;907,31
364;Товар364;896
365;Товар365;465,05
366;Товар366;700,32
367;Товар367;952,23
368;Товар368;765,99
369;Товар369;292,34
370;Товар370;595,12
371;Товар371;524,09
372;Товар372;914,58
373;Товар373;520,94
374;Товар374;619,46
375;Товар375;373,57
376;Товар376;148,72
377;Товар377;996,27
378;Товар378;499,23
379;Товар379;270,75
380;Товар380;756,6
381;Товар381;103,88
382;Товар382;556,47
383;Товар383;38,62
384;Товар384;205,89
385;Товар385;45,48
386;Товар386;945,16
387;Товар387;521,33
388;Товар388;968,34
389;Товар389;955,68
390;Товар390;865,33
391;Товар391;423,9
392;Товар392;643,85
393;Товар393;311,73
394;Товар394;227,15
395;Товар395;537,87
396;Товар396;784,34
397;Товар397;642,84
398;Товар398;875,28
399;Товар399;583,35
400;Товар400;712,86
401;Товар401;678,71
402;Товар402;824,86
403;Товар403;426,67
404;Товар404;841,66
405;Товар405;761,68
406;Товар406;445,3
407;Товар407;397,09
408;Товар408;39,96
409;Товар409;343,4
410;Товар410;844,75
411;Товар411;389,67
412;Товар412;567,03
413;Товар413;589,09
414;Товар414;642,25
415;Товар415;140,15
416;Товар416;251,11
417;Товар417;949,15
418;Товар418;519,14
419;Товар419;668,25
420;Товар420;338,61
421;Товар421;997,71
422;Товар422;802,61
423;Товар423;628,05
424;Товар424;245,74
425;Товар425;990,94
426;Товар426;699,96
427;Товар427;420,58
428;Товар428;110,52
429;Товар429;899,31
430;Товар430;407,95
431;Товар431;324,61
432;Товар432;938,71
433;Товар433;734,61
434;Товар434;376,62
435;Товар435;895,62
436;Товар436;98,74
437;Товар437;947,53
438;Товар438;15,69
439;Товар439;262,94
440;Товар440;417,91
441;Товар441;365,8
442;Товар442;298,1
443;Товар443;441,67
444;Товар444;928,65
445;Товар445;293,39
446;Товар446;674,6
447;Товар447;871,48
448;Товар448;487,2
449;Товар449;905,72
450;Товар450;102,49
451;Товар451;652,92
452;Товар452;941,42
453;Товар453;24,76
454;Товар454;61,47
455;Товар455;533,87
456;Товар456;694,82
457;Товар457;12,54
458;Товар458;999,66
459;Товар459;669,44
460;Товар460;880,44
461;Товар461;843,45
462;Товар462;103,3
463;Товар463;958,37
464;Товар464;754,18
465;Товар465;336,86
466;Товар466;268,68
467;Товар467;651,14
468;Товар468;30,2
469;Товар469;564,36
470;Товар470;860,13
471;Товар471;122,3
472;Товар472;751,19
473;Товар473;73,93
474;Товар474;68,06
475;Товар475;791,54
476;Товар476;515,34
477;Товар477;177,67
478;Товар478;518,12
479;Товар479;769,07
480;Товар480;133,07
481;Товар481;646,21
482;Товар482;752,1
483;Товар483;23,52
484;Товар484;614,54
485;Товар485;572,75
486;Товар486;201,92
487;Товар487;731,68
488;Товар488;489,86
489;Товар489;661,47
490;Товар490;18,52
491;Товар491;903,93
492;Товар492;766,6
493;Товар493;164,97
494;Товар494;200,23
495;Товар495;392,19
496;Товар496;79,23
497;Товар497;157,45
498;Товар498;505,22
499;Товар499;409,52
500;Товар500;842,44
501;Товар501;841,18
502;Товар502;658,01
503;Товар503;740,57
504;Товар504;863,32
505;Товар505;798,92
506;Товар506;719,46
507;Товар507;684,22
508;Товар508;774,43
509;Товар509;88,66
510;Товар510;835,26
511;Товар511;334,88
512;Товар512;312,15
513;Товар513;46,31
514;Товар514;353,1
515;Товар515;50,96
516;Товар516;909,07
517;Товар517;897,5
518;Товар518;162,56
519;Товар519;999,15
520;Товар520;953,67
521;Товар521;355,73
522;Товар522;979,01
523;Товар523;187,45
524;Товар524;363,57
525;Товар525;774,93
526;Товар526;174,43
527;Товар527;404,94
528;Товар528;691,42
529;Товар529;493,59
530;Товар530;529,03
531;Товар531;175,62
532;Товар532;490,18
533;Товар533;927,33
534;Товар534;745,36
535;Товар535;110,61
536;Товар536;805,92
537;Товар537;829,26
538;Товар538;979,93
539;Товар539;633,35
540;Товар540;671,02
541;Товар541;334,43
542;Товар542;775,97
543;Товар543;218,93
544;Товар544;643,94
545;Товар545;502,37
546;Товар546;408,51
547;Товар547;536,01
548;Товар548;629,6
549;Товар549;967
550;Товар550;301,85
551;Товар551;1000,46
552;Товар552;813,62
553;Товар553;323,79
554;Товар554;273,57
555;Товар555;304,44
556;Товар556;680,9
557;Товар557;288,29
558;Товар558;194,72
559;Товар559;907,11
560;Товар560;441,21
561;Товар561;132,24
562;Товар562;810,53
563;Товар563;97,57
564;Товар564;377,36
565;Товар565;477,36
566;Товар566;661,43
567;Товар567;203,54
568;Товар568;119,68
569;Товар569;60,22
570;Товар570;63,76
571;Товар571;898,53
572;Товар572;735,29
573;Товар573;346,93
574;Товар574;145,86
575;Товар575;435,97
576;Товар576;397,48
577;Товар577;577,81
578;Товар578;361,24
579;Товар579;679,93
580;Товар580;182,15
581;Товар581;456,14
582;Товар582;593,07
583;Товар583;542,14
584;Товар584;9,47
585;Товар585;346,3
586;Товар586;179,72
587;Товар587;984,12
588;Товар588;470,48
589;Товар589;257,65
590;Товар590;248,43
591;Товар591;334,36
592;Товар592;452,27
593;Товар593;890,55
594;Товар594;9,87
595;Товар595;355,5
596;Товар596;342,63
597;Товар597;495,13
598;Товар598;658,3
599;Товар599;984,3
600;Товар600;658,67
601;Товар601;23,69
602;Товар602;233,06
603;Товар603;386,11
604;Товар604;721,96
605;Товар605;221,05
606;Товар606;82,89
607;Товар607;284,42
608;Товар608;996,65
609;Товар609;655,33
610;Товар610;725,68
611;Товар611;920,82
612;Товар612;744,78
613;Товар613;333,52
614;Товар614;541,69
615;Товар615;803,8
616;Товар616;357,9
617;Товар617;85,11
618;Товар618;905,83
619;Товар619;849,78
620;Товар620;115,37
621;Товар621;494,03
622;Товар622;550,79
623;Товар623;680,76
624;Товар624;629,51
625;Товар625;546,13
626;Товар626;263,99
627;Товар627;663,48
628;Товар628;154,79
629;Товар629;608,09
630;Товар630;911,07
631;Товар631;720,08
632;Товар632;737,23
633;Товар633;195,66
634;Товар634;838,99
635;Товар635;977,18
636;Товар636;39,81
637;Товар637;24,69
638;Товар638;639,91
639;Товар639;606,15
640;Товар640;81,14
641;Товар641;713,03
642;Товар642;807,2
643;Товар643;632,88
644;Товар644;350,7
645;Товар645;146,34
646;Товар646;408,3
647;Товар647;936,47
648;Товар648;166,58
649;Товар649;23,79
650;Товар650;816,33
651;Товар651;74,25
652;Товар652;408,03
653;Товар653;627,25
654;Товар654;686,66
655;Товар655;982,36
656;Товар656;290,64
657;Товар657;371,03
658;Товар658;574,33
659;Товар659;993,55
660;Товар660;776,78
661;Товар661;237,14
662;Товар662;947,36
663;Товар663;204,29
664;Товар664;562,99
665;Товар665;822,32
666;Товар666;0,32
667;Товар667;366,85
668;Товар668;313,26
669;Товар669;382,24
670;Товар670;581,72
671;Товар671;150,93
672;Товар672;264,93
673;Товар673;116,41
674;Товар674;585,36
675;Товар675;219,06
676;Товар676;505,56
677;Товар677;735,63
678;Товар678;147,79
679;Товар679;300,9
680;Товар680;956,56
681;Товар681;144,25
682;Товар682;314,62
683;Товар683;948,72
684;Товар684;610,48
685;Товар685;654,55
686;Товар686;129,78
687;Товар687;927,71
688;Товар688;327,72
689;Товар689;674,35
690;Товар690;503,27
691;Товар691;486,51
692;Товар692;268,09
693;Товар693;464,08
694;Товар694;648,09
695;Товар695;662,73
696;Товар696;583,4
697;Товар697;419,63
698;Товар698;888,61
699;Товар699;346,1
700;Товар700;964,75
701;Товар701;859,18
702;Товар702;440,94
703;Товар703;601,06
704;Товар704;260,8
705;Товар705;482,13
706;Товар706;628,05
707;Товар707;108,35
708;Товар708;860,61
709;Товар709;283,32
710;Товар710;293,53
711;Товар711;373,73
712;Товар712;41,97
713;Товар713;90,16
714;Товар714;854,72
715;Товар715;448,26
716;Товар716;741,24
717;Товар717;817,36
718;Товар718;412,53
719;Товар719;725,17
720;Товар720;510,27
721;Товар721;891,33
722;Товар722;857,85
723;Товар723;457,63
724;Товар724;697,7
725;Товар725;912,94
726;Товар726;700,56
727;Товар727;617,57
728;Товар728;286,04
729;Товар729;741,36
730;Товар730;454,39
731;Товар731;904,65
732;Товар732;664,75
733;Товар733;619,41
734;Товар734;154,88
735;Товар735;915,1
736;Товар736;522,03
737;Товар737;530,29
738;Товар738;505,65
739;Товар739;945,08
740;Товар740;844,22
741;Товар741;838,16
742;Товар742;884,83
743;Товар743;862,13
744;Товар744;197,55
745;Товар745;948,27
746;Товар746;262,27
747;Товар747;995,66
748;Товар748;428,08
749;Товар749;16,55
750;Товар750;738,21
751;Товар751;584,77
752;Товар752;824,83
753;Товар753;981,17
754;Товар754;653,56
755;Товар755;890,14
756;Товар756;820,06
757;Товар757;800,03
758;Товар758;722,09
759;Товар759;166,59
760;Товар760;600,29
761;Товар761;828,2
762;Товар762;640,03
763;Товар763;937,97
764;Товар764;646,66
765;Товар765;206,6
766;Товар766;526,71
767;Товар767;240,28
768;Товар768;753,01
769;Товар769;757,35
770;Товар770;744,96
771;Товар771;27,68
772;Товар772;129,44
773;Товар773;284,17
774;Товар774;699,67
775;Товар775;489,84
776;Товар776;825,23
777;Товар777;813,45
778;Товар778;76,81
779;Товар779;566,16
780;Товар780;467,4
781;Товар781;522,63
782;Товар782;6,22
783;Товар783;87,22
784;Товар784;820,87
785;Товар785;688,35
786;Товар786;898,55
787;Товар787;501,31
788;Товар788;783,58
789;Товар789;82,46
790;Товар790;912,77
791;Товар791;540,73
792;Товар792;626,92
793;Товар793;155,79
794;Товар794;162,52
795;Товар795;834,75
796;Товар796;15,86
797;Товар797;765,59
798;Товар798;32,19
799;Товар799;809,68
800;Товар800;239,29
801;Товар801;840,71
802;Товар802;59,38
803;Товар803;488,46
804;Товар804;90,32
805;Товар805;528,26
806;Товар806;272,06
807;Товар807;357,39
808;Товар808;99,22
809;Товар809;982,44
810;Товар810;883,64
811;Товар811;825,34
812;Товар812;541,95
813;Товар813;974,66
814;Товар814;517,92
815;Товар815;896,39
816;Товар816;638,71
817;Товар817;370,54
818;Товар818;935,82
819;Товар819;776,04
820;Товар820;126,78
821;Товар821;842,13
822;Товар822;274,43
823;Товар823;488,27
824;Товар824;663,3
825;Товар825;21,96
826;Товар826;219,49
827;Товар827;791,38
828;Товар828;940,38
829;Товар829;682,65
830;Товар830;291,71
831;Товар831;877,37
832;Товар832;598,98
833;Товар833;85,86
834;Товар834;144,6
835;Товар835;445,41
836;Товар836;280,98
837;Товар837;336,48
838;Товар838;814,62
839;Товар839;108,34
840;Товар840;233,02
841;Товар841;358,88
842;Товар842;219,81
843;Товар843;619,86
844;Товар844;17,55
845;Товар845;904,16
846;Товар846;817,5
847;Товар847;470,99
848;Товар848;456,59
849;Товар849;84,86
850;Товар850;12,77
851;Товар851;462,04
852;Товар852;648,49
853;Товар853;73,88
854;Товар854;499,62
855;Товар855;214,88
856;Товар856;382,01
857;Товар857;388,84
858;Товар858;643,89
859;Товар859;887,09
860;Товар860;126,5
861;Товар861;298,41
862;Товар862;234,74
863;Товар863;234,29
864;Товар864;508,46
865;Товар865;823,99
866;Товар866;44,08
867;Товар867;272,82
868;Товар868;646,79
869;Товар869;890,24
870;Товар870;432,14
871;Товар871;119,96
872;Товар872;373,64
873;Товар873;643,21
874;Товар874;360,74
875;Товар875;586,62
876;Товар876;440,04
877;Товар877;474,29
878;Товар878;288,44
879;Товар879;576,87
880;Товар880;22,18
881;Товар881;567,23
882;Товар882;152,51
883;Товар883;672,24
884;Товар884;487,61
885;Товар885;646,39
886;Товар886;47,61
887;Товар887;341,83
888;Товар888;403,96
889;Товар889;748,44
890;Товар890;880,13
891;Товар891;710,87
892;Товар892;511,32
893;Товар893;745,25
894;Товар894;800,57
895;Товар895;753,34
896;Товар896;941,87
897;Товар897;803,25
898;Товар898;928,13
899;Товар899;11,28
900;Товар900;676,81
901;Товар901;361,41
902;Товар902;641,92
903;Товар903;384,09
904;Товар904;470,45
905;Товар905;711,53
906;Товар906;907,13
907;Товар907;822,01
908;Товар908;531,87
909;Товар909;731,73
910;Товар910;592,57
911;Товар911;726,45
912;Товар912;918,12
913;Товар913;884,75
914;Товар914;682,64
915;Товар915;378
916;Товар916;964,63
917;Товар917;379,23
918;Товар918;565,41
919;Товар919;680,79
920;Товар920;593,11
921;Товар921;521,98
922;Товар922;687,59
923;Товар923;716,08
924;Товар924;827,84
925;Товар925;540,99
926;Товар926;425,37
927;Товар927;446,12
928;Товар928;661,37
929;Товар929;425,13
930;Товар930;463,48
931;Товар931;454,52
932;Товар932;363,89
933;Товар933;93,89
934;Товар934;718,79
935;Товар935;478,49
936;Товар936;743,03
937;Товар937;585,15
938;Товар938;19,51
939;Товар939;593,8
940;Товар940;557,99
941;Товар941;42,33
942;Товар942;628,69
943;Товар943;490,96
944;Товар944;974,6
945;Товар945;972,41
946;Товар946;610,48
947;Товар947;445,3
948;Товар948;882,34
949;Товар949;240,3
950;Товар950;606,44
951;Товар951;378,37
952;Товар952;55,57
953;Товар953;65,06
954;Товар954;236,9
955;Товар955;973,55
956;Товар956;492,55
957;Товар957;743,57
958;Товар958;375,98
959;Товар959;748,19
960;Товар960;103,89
961;Товар961;278,73
962;Товар962;979,37
963;Товар963;924,46
964;Товар964;85,98
965;Товар965;955,78
966;Товар966;180,28
967;Товар967;641,96
968;Товар968;984,69
969;Товар969;20,87
970;Товар970;452,69
971;Товар971;195,21
972;Товар972;177,44
973;Товар973;790,33
974;Товар974;940,53
975;Товар975;368,51
976;Товар976;711,02
977;Товар977;13,36
978;Товар978;559,21
979;Товар979;672,16
980;Товар980;748,25
981;Товар981;798,8
982;Товар982;382,51
983;Товар983;237,8
984;Товар984;636,42
985;Товар985;902,83
986;Товар986;216,68
987;Товар987;115,55
988;Товар988;675,72
989;Товар989;562,96
990;Товар990;804,67
991;Товар991;817,19
992;Товар992;27,9
993;Товар993;89,05
994;Товар994;307,63
995;Товар995;96,98
996;Товар996;882,69
997;Товар997;522,95
998;Товар998;222,7
999;Товар999;836,54
1000;Товар1000;609,85
