3;Товар3;429,44
11;Товар11;432,56
13;Товар13;467,25
17;Товар17;474
32;Товар32;483,81
35;Товар35;429,81
57;Товар57;495,75
58;Товар58;479,47
59;Товар59;480,35
60;Товар60;477,88
61;Товар61;497,19
62;Товар62;447,07
67;Товар67;461,84
89;Товар89;404,12
91;Товар91;495,46
102;Товар102;458,27
121;Товар121;476,43
122;Товар122;449,18
136;Товар136;494,86
139;Товар139;430,45
155;Товар155;444,45
163;Товар163;480,16
164;Товар164;445,63
170;Товар170;483,07
186;Товар186;447,69
192;Товар192;417,91
197;Товар197;462,41
209;Товар209;462,09
217;Товар217;486,23
218;Товар218;450,96
226;Товар226;473,98
232;Товар232;436,19
240;Товар240;488,41
242;Товар242;411,86
263;Товар263;407,07
269;Товар269;435,35
271;Товар271;453,91
273;Товар273;455,64
294;Товар294;433,43
300;Товар300;420,43
311;Товар311;427,88
350;Товар350;468,04
360;Товар360;426,3
365;Товар365;465,05
378;Товар378;499,23
391;Товар391;423,9
403;Товар403;426,67
406;Товар406;445,3
427;Товар427;420,58
430;Товар430;407,95
440;Товар440;417,91
443;Товар443;441,67
448;Товар448;487,2
488;Товар488;489,86
499;Товар499;409,52
527;Товар527;404,94
529;Товар529;493,59
532;Товар532;490,18
546;Товар546;408,51
560;Товар560;441,21
565;Товар565;477,36
575;Товар575;435,97
581;Товар581;456,14
588;Товар588;470,48
592;Товар592;452,27
597;Товар597;495,13
621;Товар621;494,03
646;Товар646;408,3
652;Товар652;408,03
691;Товар691;486,51
693;Товар693;464,08
697;Товар697;419,63
702;Товар702;440,94
705;Товар705;482,13
715;Товар715;448,26
718;Товар718;412,53
723;Товар723;457,63
730;Товар730;454,39
748;Товар748;428,08
775;Товар775;489,84
780;Товар780;467,4
803;Товар803;488,46
823;Товар823;488,27
835;Товар835;445,41
847;Товар847;470,99
848;Товар848;456,59
851;Товар851;462,04
854;Товар854;499,62
870;Товар870;432,14
876;Товар876;440,04
877;Товар877;474,29
884;Товар884;487,61
888;Товар888;403,96
904;Товар904;470,45
926;Товар926;425,37
927;Товар927;446,12
929;Товар929;425,13
930;Товар930;463,48
931;Товар931;454,52
935;Товар935;478,49
943;Товар943;490,96
947;Товар947;445,3
956;Товар956;492,55
970;Товар970;452,69
