8;Товар8;704,98
9;Товар9;778,6
22;Товар22;774,92
24;Товар24;768,7
28;Товар28;754,39
42;Товар42;742,25
44;Товар44;738,04
65;Товар65;740,26
66;Товар66;767,47
69;Товар69;713,28
82;Товар82;715,86
85;Товар85;708,61
107;Товар107;751,92
108;Товар108;800,65
113;Товар113;764,67
132;Товар132;704,92
158;Товар158;745,45
175;Товар175;723,89
188;Товар188;762,73
208;Товар208;760,51
211;Товар211;724,63
228;Товар228;761,14
234;Товар234;759,16
236;Товар236;737,9
237;Товар237;752,27
245;Товар245;708,87
283;Товар283;769,89
285;Товар285;705,41
299;Товар299;775,01
325;Товар325;751,09
330;Товар330;771,91
340;Товар340;710,99
342;Товар342;731,42
347;Товар347;771,13
368;Товар368;765,99
380;Товар380;756,6
396;Товар396;784,34
400;Товар400;712,86
405;Товар405;761,68
433;Товар433;734,61
464;Товар464;754,18
472;Товар472;751,19
475;Товар475;791,54
479;Товар479;769,07
482;Товар482;752,1
487;Товар487;731,68
492;Товар492;766,6
503;Товар503;740,57
505;Товар505;798,92
506;Товар506;719,46
508;Товар508;774,43
525;Товар525;774,93
534;Товар534;745,36
542;Товар542;775,97
572;Товар572;735,29
604;Товар604;721,96
610;Товар610;725,68
612;Товар612;744,78
631;Товар631;720,08
632;Товар632;737,23
641;Товар641;713,03
660;Товар660;776,78
677;Товар677;735,63
716;Товар716;741,24
719;Товар719;725,17
729;Товар729;741,36
750;Товар750;738,21
757;Товар757;800,03
758;Товар758;722,09
768;Товар768;753,01
769;Товар769;757,35
770;Товар770;744,96
788;Товар788;783,58
797;Товар797;765,59
819;Товар819;776,04
827;Товар827;791,38
889;Товар889;748,44
891;Товар891;710,87
893;Товар893;745,25
894;Товар894;800,57
895;Товар895;753,34
905;Товар905;711,53
909;Товар909;731,73
911;Товар911;726,45
923;Товар923;716,08
934;Товар934;718,79
936;Товар936;743,03
957;Товар957;743,57
959;Товар959;748,19
973;Товар973;790,33
976;Товар976;711,02
980;Товар980;748,25
981;Товар981;798,8
