15;Товар15;587,63
26;Товар26;586,61
38;Товар38;590,25
40;Товар40;570,82
51;Товар51;504,31
52;Товар52;534,5
63;Товар63;584,02
71;Товар71;541,92
73;Товар73;600,31
75;Товар75;581,59
77;Товар77;547,71
79;Товар79;532,53
92;Товар92;556,22
96;Товар96;518,78
109;Товар109;508,44
116;Товар116;600,06
118;Товар118;579,78
125;Товар125;554,15
127;Товар127;590,57
162;Товар162;516,32
167;Товар167;508,9
172;Товар172;529,05
178;Товар178;523,7
198;Товар198;510,77
212;Товар212;530,04
222;Товар222;563,89
223;Товар223;534,65
231;Товар231;524,63
286;Товар286;511,19
298;Товар298;536,69
304;Товар304;513,49
316;Товар316;574,59
318;Товар318;539,94
319;Товар319;511,72
332;Товар332;545,29
345;Товар345;594,45
351;Товар351;542,15
356;Товар356;567,21
359;Товар359;580,13
370;Товар370;595,12
371;Товар371;524,09
373;Товар373;520,94
382;Товар382;556,47
387;Товар387;521,33
395;Товар395;537,87
399;Товар399;583,35
412;Товар412;567,03
413;Товар413;589,09
418;Товар418;519,14
455;Товар455;533,87
469;Товар469;564,36
476;Товар476;515,34
478;Товар478;518,12
485;Товар485;572,75
498;Товар498;505,22
530;Товар530;529,03
545;Товар545;502,37
547;Товар547;536,01
577;Товар577;577,81
582;Товар582;593,07
583;Товар583;542,14
614;Товар614;541,69
622;Товар622;550,79
625;Товар625;546,13
658;Товар658;574,33
664;Товар664;562,99
670;Товар670;581,72
674;Товар674;585,36
676;Товар676;505,56
690;Товар690;503,27
696;Товар696;583,4
720;Товар720;510,27
736;Товар736;522,03
737;Товар737;530,29
738;Товар738;505,65
751;Товар751;584,77
760;Товар760;600,29
766;Товар766;526,71
779;Товар779;566,16
781;Товар781;522,63
787;Товар787;501,31
791;Товар791;540,73
805;Товар805;528,26
812;Товар812;541,95
814;Товар814;517,92
832;Товар832;598,98
864;Товар864;508,46
875;Товар875;586,62
879;Товар879;576,87
881;Товар881;567,23
892;Товар892;511,32
908;Товар908;531,87
910;Товар910;592,57
918;Товар918;565,41
920;Товар920;593,11
921;Товар921;521,98
925;Товар925;540,99
937;Товар937;585,15
939;Товар939;593,8
940;Товар940;557,99
978;Товар978;559,21
989;Товар989;562,96
997;Товар997;522,95
