7;Товар7;383,73
14;Товар14;325,36
30;Товар30;394,19
46;Товар46;310,7
78;Товар78;309,04
94;Товар94;365,71
119;Товар119;311,25
133;Товар133;312,26
137;Товар137;344,63
141;Товар141;359,81
144;Товар144;335,02
146;Товар146;309,75
151;Товар151;369,95
154;Товар154;367,25
166;Товар166;361,6
168;Товар168;335,3
185;Товар185;328,3
187;Товар187;353,65
203;Товар203;344,45
204;Товар204;357,89
213;Товар213;324,9
216;Товар216;387,46
227;Товар227;395,12
238;Товар238;307,66
244;Товар244;344,24
246;Товар246;363,26
250;Товар250;302,04
253;Товар253;393,44
257;Товар257;374,78
258;Товар258;356,63
264;Товар264;399,41
265;Товар265;386,95
268;Товар268;383,47
281;Товар281;381,97
282;Товар282;322,37
302;Товар302;344,99
334;Товар334;311,69
375;Товар375;373,57
393;Товар393;311,73
407;Товар407;397,09
409;Товар409;343,4
411;Товар411;389,67
420;Товар420;338,61
431;Товар431;324,61
434;Товар434;376,62
441;Товар441;365,8
465;Товар465;336,86
495;Товар495;392,19
511;Товар511;334,88
512;Товар512;312,15
514;Товар514;353,1
521;Товар521;355,73
524;Товар524;363,57
541;Товар541;334,43
550;Товар550;301,85
553;Товар553;323,79
555;Товар555;304,44
564;Товар564;377,36
573;Товар573;346,93
576;Товар576;397,48
578;Товар578;361,24
585;Товар585;346,3
591;Товар591;334,36
595;Товар595;355,5
596;Товар596;342,63
603;Товар603;386,11
613;Товар613;333,52
616;Товар616;357,9
644;Товар644;350,7
657;Товар657;371,03
667;Товар667;366,85
668;Товар668;313,26
669;Товар669;382,24
682;Товар682;314,62
688;Товар688;327,72
699;Товар699;346,1
711;Товар711;373,73
807;Товар807;357,39
817;Товар817;370,54
837;Товар837;336,48
841;Товар841;358,88
856;Товар856;382,01
857;Товар857;388,84
872;Товар872;373,64
874;Товар874;360,74
887;Товар887;341,83
901;Товар901;361,41
903;Товар903;384,09
915;Товар915;378
917;Товар917;379,23
932;Товар932;363,89
951;Товар951;378,37
958;Товар958;375,98
975;Товар975;368,51
982;Товар982;382,51
994;Товар994;307,63
