31;Товар31;8,78
39;Товар39;24,86
43;Товар43;44,93
45;Товар45;52,9
48;Товар48;84,51
55;Товар55;70,19
76;Товар76;1,09
112;Товар112;2,43
123;Товар123;40,99
128;Товар128;52,33
149;Товар149;22,23
156;Товар156;34,13
171;Товар171;72,16
180;Товар180;62,13
181;Товар181;10,88
191;Товар191;76,58
194;Товар194;23,64
202;Товар202;91,71
207;Товар207;65,57
210;Товар210;92,86
215;Товар215;31,39
233;Товар233;47,36
261;Товар261;79,23
278;Товар278;7,14
314;Товар314;89,44
321;Товар321;62,41
324;Товар324;47,47
326;Товар326;57,28
333;Товар333;50,86
338;Товар338;73,13
352;Товар352;99,31
358;Товар358;42,11
383;Товар383;38,62
385;Товар385;45,48
408;Товар408;39,96
436;Товар436;98,74
438;Товар438;15,69
453;Товар453;24,76
454;Товар454;61,47
457;Товар457;12,54
468;Товар468;30,2
473;Товар473;73,93
474;Товар474;68,06
483;Товар483;23,52
490;Товар490;18,52
496;Товар496;79,23
509;Товар509;88,66
513;Товар513;46,31
515;Товар515;50,96
563;Товар563;97,57
569;Товар569;60,22
570;Товар570;63,76
584;Товар584;9,47
594;Товар594;9,87
601;Товар601;23,69
606;Товар606;82,89
617;Товар617;85,11
636;Товар636;39,81
637;Товар637;24,69
640;Товар640;81,14
649;Товар649;23,79
651;Товар651;74,25
712;Товар712;41,97
713;Товар713;90,16
749;Товар749;16,55
771;Товар771;27,68
778;Товар778;76,81
782;Товар782;6,22
783;Товар783;87,22
789;Товар789;82,46
796;Товар796;15,86
798;Товар798;32,19
802;Товар802;59,38
804;Товар804;90,32
808;Товар808;99,22
825;Товар825;21,96
833;Товар833;85,86
844;Товар844;17,55
849;Товар849;84,86
850;Товар850;12,77
853;Товар853;73,88
866;Товар866;44,08
880;Товар880;22,18
886;Товар886;47,61
899;Товар899;11,28
933;Товар933;93,89
938;Товар938;19,51
941;Товар941;42,33
952;Товар952;55,57
953;Товар953;65,06
964;Товар964;85,98
969;Товар969;20,87
977;Товар977;13,36
992;Товар992;27,9
993;Товар993;89,05
995;Товар995;96,98
