0;Товар0;179,08
25;Товар25;174
36;Товар36;172,48
41;Товар41;147,13
53;Товар53;193,77
81;Товар81;134,4
87;Товар87;107,77
100;Товар100;103,16
103;Товар103;188,96
115;Товар115;159,2
129;Товар129;137,22
142;Товар142;125,84
143;Товар143;138,68
148;Товар148;128,31
150;Товар150;107,03
153;Товар153;168
159;Товар159;122,3
176;Товар176;169,32
177;Товар177;128,23
229;Товар229;170,17
241;Товар241;199,85
243;Товар243;117,37
260;Товар260;196,35
262;Товар262;122,16
266;Товар266;105,17
270;Товар270;112,21
291;Товар291;179,85
293;Товар293;174,99
307;Товар307;192,26
312;Товар312;184,36
317;Товар317;170,99
322;Товар322;131,1
341;Товар341;136,66
355;Товар355;175,74
362;Товар362;170,04
376;Товар376;148,72
381;Товар381;103,88
415;Товар415;140,15
428;Товар428;110,52
450;Товар450;102,49
462;Товар462;103,3
471;Товар471;122,3
477;Товар477;177,67
480;Товар480;133,07
493;Товар493;164,97
494;Товар494;200,23
497;Товар497;157,45
518;Товар518;162,56
523;Товар523;187,45
526;Товар526;174,43
531;Товар531;175,62
535;Товар535;110,61
558;Товар558;194,72
561;Товар561;132,24
568;Товар568;119,68
574;Товар574;145,86
580;Товар580;182,15
586;Товар586;179,72
620;Товар620;115,37
628;Товар628;154,79
633;Товар633;195,66
645;Товар645;146,34
648;Товар648;166,58
671;Товар671;150,93
673;Товар673;116,41
678;Товар678;147,79
681;Товар681;144,25
686;Товар686;129,78
707;Товар707;108,35
734;Товар734;154,88
744;Товар744;197,55
759;Товар759;166,59
772;Товар772;129,44
793;Товар793;155,79
794;Товар794;162,52
820;Товар820;126,78
834;Товар834;144,6
839;Товар839;108,34
860;Товар860;126,5
871;Товар871;119,96
882;Товар882;152,51
960;Товар960;103,89
966;Товар966;180,28
971;Товар971;195,21
972;Товар972;177,44
987;Товар987;115,55
