1;Товар1;934,97
2;Товар2;907,38
10;Товар10;931,32
12;Товар12;926,07
16;Товар16;941,15
19;Товар19;964,95
20;Товар20;912,99
21;Товар21;927,61
27;Товар27;982,65
29;Товар29;938,69
50;Товар50;933,44
56;Товар56;977,78
93;Товар93;928,63
97;Товар97;976,95
117;Товар117;967,56
140;Товар140;904,77
173;Товар173;967,05
193;Товар193;951,66
219;Товар219;935,06
247;Товар247;910,73
251;Товар251;992,71
259;Товар259;951,39
272;Товар272;997,29
279;Товар279;915,4
288;Товар288;986,02
308;Товар308;946,79
323;Товар323;913,18
343;Товар343;954,56
348;Товар348;902,28
361;Товар361;990,85
363;Товар363;907,31
367;Товар367;952,23
372;Товар372;914,58
377;Товар377;996,27
386;Товар386;945,16
388;Товар388;968,34
389;Товар389;955,68
417;Товар417;949,15
421;Товар421;997,71
425;Товар425;990,94
432;Товар432;938,71
437;Товар437;947,53
444;Товар444;928,65
449;Товар449;905,72
452;Товар452;941,42
458;Товар458;999,66
463;Товар463;958,37
491;Товар491;903,93
516;Товар516;909,07
519;Товар519;999,15
520;Товар520;953,67
522;Товар522;979,01
533;Товар533;927,33
538;Товар538;979,93
549;Товар549;967
551;Товар551;1000,46
559;Товар559;907,11
587;Товар587;984,12
599;Товар599;984,3
608;Товар608;996,65
611;Товар611;920,82
618;Товар618;905,83
630;Товар630;911,07
635;Товар635;977,18
647;Товар647;936,47
655;Товар655;982,36
659;Товар659;993,55
662;Товар662;947,36
680;Товар680;956,56
683;Товар683;948,72
687;Товар687;927,71
700;Товар700;964,75
725;Товар725;912,94
731;Товар731;904,65
735;Товар735;915,1
739;Товар739;945,08
745;Товар745;948,27
747;Товар747;995,66
753;Товар753;981,17
763;Товар763;937,97
790;Товар790;912,77
809;Товар809;982,44
813;Товар813;974,66
818;Товар818;935,82
828;Товар828;940,38
845;Товар845;904,16
896;Товар896;941,87
898;Товар898;928,13
906;Товар906;907,13
912;Товар912;918,12
916;Товар916;964,63
944;Товар944;974,6
945;Товар945;972,41
955;Товар955;973,55
962;Товар962;979,37
963;Товар963;924,46
965;Товар965;955,78
968;Товар968;984,69
974;Товар974;940,53
985;Товар985;902,83
