5;Товар5;245,76
23;Товар23;229,35
33;Товар33;282,96
37;Товар37;217,95
47;Товар47;268,93
49;Товар49;273,88
54;Товар54;271,3
64;Товар64;201,13
70;Товар70;231,88
74;Товар74;210,85
83;Товар83;297,23
86;Товар86;292,01
90;Товар90;270,76
105;Товар105;209,25
111;Товар111;247,79
120;Товар120;264,98
124;Товар124;260,24
134;Товар134;246,09
138;Товар138;255,23
152;Товар152;213,9
157;Товар157;235,01
160;Товар160;224,54
174;Товар174;225,21
179;Товар179;238,27
182;Товар182;278,99
199;Товар199;292,06
200;Товар200;296,83
220;Товар220;230,72
225;Товар225;224,22
235;Товар235;260,28
255;Товар255;288,88
267;Товар267;299,4
274;Товар274;264,38
276;Товар276;231,54
277;Товар277;263,25
289;Товар289;288,01
290;Товар290;204,6
292;Товар292;213,36
295;Товар295;225,9
303;Товар303;272,86
313;Товар313;259,96
331;Товар331;227,74
344;Товар344;230,67
357;Товар357;249,53
369;Товар369;292,34
379;Товар379;270,75
384;Товар384;205,89
394;Товар394;227,15
416;Товар416;251,11
424;Товар424;245,74
439;Товар439;262,94
442;Товар442;298,1
445;Товар445;293,39
466;Товар466;268,68
486;Товар486;201,92
543;Товар543;218,93
554;Товар554;273,57
557;Товар557;288,29
567;Товар567;203,54
589;Товар589;257,65
590;Товар590;248,43
602;Товар602;233,06
605;Товар605;221,05
607;Товар607;284,42
626;Товар626;263,99
656;Товар656;290,64
661;Товар661;237,14
663;Товар663;204,29
672;Товар672;264,93
675;Товар675;219,06
679;Товар679;300,9
692;Товар692;268,09
704;Товар704;260,8
709;Товар709;283,32
710;Товар710;293,53
728;Товар728;286,04
746;Товар746;262,27
765;Товар765;206,6
767;Товар767;240,28
773;Товар773;284,17
800;Товар800;239,29
806;Товар806;272,06
822;Товар822;274,43
826;Товар826;219,49
830;Товар830;291,71
836;Товар836;280,98
840;Товар840;233,02
842;Товар842;219,81
855;Товар855;214,88
861;Товар861;298,41
862;Товар862;234,74
863;Товар863;234,29
867;Товар867;272,82
878;Товар878;288,44
949;Товар949;240,3
954;Товар954;236,9
961;Товар961;278,73
983;Товар983;237,8
986;Товар986;216,68
998;Товар998;222,7
