4;Товар4;837,63
18;Товар18;808,44
84;Товар84;823,97
88;Товар88;829,39
95;Товар95;891,36
99;Товар99;815,51
104;Товар104;860,73
110;Товар110;887,83
126;Товар126;802,43
130;Товар130;880,53
131;Товар131;844,87
135;Товар135;832,18
145;Товар145;840,7
161;Товар161;849,72
165;Товар165;860,69
183;Товар183;847,82
184;Товар184;847,92
195;Товар195;873,77
205;Товар205;853,6
214;Товар214;878,9
221;Товар221;825,68
224;Товар224;805,54
230;Товар230;880,4
239;Товар239;812,05
248;Товар248;890,48
249;Товар249;809,97
252;Товар252;830,17
254;Товар254;880,06
256;Товар256;873,4
275;Товар275;848,6
287;Товар287;860,48
296;Товар296;895,42
297;Товар297;822,52
301;Товар301;882,59
306;Товар306;813,15
309;Товар309;849,19
310;Товар310;875,06
328;Товар328;840,94
329;Товар329;857,2
336;Товар336;855,71
337;Товар337;868,23
339;Товар339;836,72
346;Товар346;813,21
353;Товар353;842,69
354;Товар354;900,24
364;Товар364;896
390;Товар390;865,33
398;Товар398;875,28
402;Товар402;824,86
404;Товар404;841,66
410;Товар410;844,75
422;Товар422;802,61
429;Товар429;899,31
435;Товар435;895,62
447;Товар447;871,48
460;Товар460;880,44
461;Товар461;843,45
470;Товар470;860,13
500;Товар500;842,44
501;Товар501;841,18
504;Товар504;863,32
510;Товар510;835,26
517;Товар517;897,5
536;Товар536;805,92
537;Товар537;829,26
552;Товар552;813,62
562;Товар562;810,53
571;Товар571;898,53
593;Товар593;890,55
615;Товар615;803,8
619;Товар619;849,78
634;Товар634;838,99
642;Товар642;807,2
650;Товар650;816,33
665;Товар665;822,32
698;Товар698;888,61
701;Товар701;859,18
708;Товар708;860,61
714;Товар714;854,72
717;Товар717;817,36
721;Товар721;891,33
722;Товар722;857,85
740;Товар740;844,22
741;Товар741;838,16
742;Товар742;884,83
743;Товар743;862,13
752;Товар752;824,83
755;Товар755;890,14
756;Товар756;820,06
761;Товар761;828,2
776;Товар776;825,23
777;Товар777;813,45
784;Товар784;820,87
786;Товар786;898,55
795;Товар795;834,75
799;Товар799;809,68
801;Товар801;840,71
810;Товар810;883,64
811;Товар811;825,34
815;Товар815;896,39
821;Товар821;842,13
831;Товар831;877,37
838;Товар838;814,62
846;Товар846;817,5
859;Товар859;887,09
865;Товар865;823,99
869;Товар869;890,24
890;Товар890;880,13
897;Товар897;803,25
907;Товар907;822,01
913;Товар913;884,75
924;Товар924;827,84
948;Товар948;882,34
990;Товар990;804,67
991;Товар991;817,19
996;Товар996;882,69
999;Товар999;836,54
