6;Товар6;662,11
34;Товар34;658,59
68;Товар68;627,39
72;Товар72;700,47
80;Товар80;681,04
98;Товар98;661,52
101;Товар101;667,58
106;Товар106;621,57
114;Товар114;616,04
147;Товар147;609,28
169;Товар169;602,59
189;Товар189;619,37
190;Товар190;614,77
196;Товар196;661,22
201;Товар201;619,57
206;Товар206;658,63
280;Товар280;678,68
284;Товар284;685,85
305;Товар305;667,85
315;Товар315;632,1
320;Товар320;693,49
327;Товар327;640,03
335;Товар335;614,82
349;Товар349;618,05
366;Товар366;700,32
374;Товар374;619,46
392;Товар392;643,85
397;Товар397;642,84
401;Товар401;678,71
414;Товар414;642,25
419;Товар419;668,25
423;Товар423;628,05
426;Товар426;699,96
446;Товар446;674,6
451;Товар451;652,92
456;Товар456;694,82
459;Товар459;669,44
467;Товар467;651,14
481;Товар481;646,21
484;Товар484;614,54
489;Товар489;661,47
502;Товар502;658,01
507;Товар507;684,22
528;Товар528;691,42
539;Товар539;633,35
540;Товар540;671,02
544;Товар544;643,94
548;Товар548;629,6
556;Товар556;680,9
566;Товар566;661,43
579;Товар579;679,93
598;Товар598;658,3
600;Товар600;658,67
609;Товар609;655,33
623;Товар623;680,76
624;Товар624;629,51
627;Товар627;663,48
629;Товар629;608,09
638;Товар638;639,91
639;Товар639;606,15
643;Товар643;632,88
653;Товар653;627,25
654;Товар654;686,66
684;Товар684;610,48
685;Товар685;654,55
689;Товар689;674,35
694;Товар694;648,09
695;Товар695;662,73
703;Товар703;601,06
706;Товар706;628,05
724;Товар724;697,7
726;Товар726;700,56
727;Товар727;617,57
732;Товар732;664,75
733;Товар733;619,41
754;Товар754;653,56
762;Товар762;640,03
764;Товар764;646,66
774;Товар774;699,67
785;Товар785;688,35
792;Товар792;626,92
816;Товар816;638,71
824;Товар824;663,3
829;Товар829;682,65
843;Товар843;619,86
852;Товар852;648,49
858;Товар858;643,89
868;Товар868;646,79
873;Товар873;643,21
883;Товар883;672,24
885;Товар885;646,39
900;Товар900;676,81
902;Товар902;641,92
914;Товар914;682,64
919;Товар919;680,79
922;Товар922;687,59
928;Товар928;661,37
942;Товар942;628,69
946;Товар946;610,48
950;Товар950;606,44
967;Товар967;641,96
979;Товар979;672,16
984;Товар984;636,42
988;Товар988;675,72
1000;Товар1000;609,85
